# half_pi = 1.5707963267948966
# meters
# radius

transform:
  x: 0.145336
  y: 0.001949
  z: 0.096286
  roll: 0.0
  pitch: 1.5707963267948966
  yaw: 0.0
